{
  "all_matches": [
    {
      "fragment_a": "NAR_ST_43B_FR_07_F_01_R_01.PLY",
      "fragment_b": "NAR_ST_43B_FR_10_F_01_R_01.PLY",
      "score": 0.7936170816789395,
      "transformation": [
        [
          0.24396975252486067,
          0.9697643302582368,
          0.005991962262253759,
          279.01135263287784
        ],
        [
          -0.7711921529410346,
          0.19026004436523195,
          0.6075061964789434,
          0.5269574383386857
        ],
        [
          0.58799780875028,
          -0.1528340906896561,
          0.7942923376364242,
          -4.754699294448322
        ],
        [
          0.0,
          0.0,
          0.0,
          1.0
        ]
      ],
      "ransac_fitness": 1.0,
      "ransac_inlier_rmse": 10.217709206201327,
      "correspondence_count": 566,
      "source_voxel_size": 1.5400345922135676,
      "target_voxel_size": 12.272104674952542,
      "match_scale_factor": 1.0
    },
    {
      "fragment_a": "NAR_ST_43B_FR_07_F_01_R_01.PLY",
      "fragment_b": "NAR_ST_43B_FR_08_F_01_R_01.PLY",
      "score": 0.7479274956768913,
      "transformation": [
        [
          0.21220651082472544,
          0.9411818450559885,
          0.26295461832909683,
          -103.66711980308953
        ],
        [
          -0.24614571672633268,
          0.31188685576874786,
          -0.9176812493104366,
          86.46425994960106
        ],
        [
          -0.9457170205198145,
          0.13001278297032795,
          0.2978523012558989,
          -23.95160781316435
        ],
        [
          0.0,
          0.0,
          0.0,
          1.0
        ]
      ],
      "ransac_fitness": 0.9151943462897526,
      "ransac_inlier_rmse": 10.789887165678795,
      "correspondence_count": 518,
      "source_voxel_size": 1.5400345922135676,
      "target_voxel_size": 12.067085071286062,
      "match_scale_factor": 1.0
    },
    {
      "fragment_a": "NAR_ST_43B_FR_01_F_01_R_02.PLY",
      "fragment_b": "NAR_ST_43B_FR_03_F_01_R_01.PLY",
      "score": 0.6778426843842535,
      "transformation": [
        [
          0.07452186454420022,
          -0.6880865534981179,
          0.7217917889529759,
          -17.15877143228323
        ],
        [
          -0.7787950643270997,
          -0.4922261840586898,
          -0.38883368103441046,
          -23.36415890027837
        ],
        [
          0.6228360454281722,
          -0.5331512718001367,
          -0.5725600247077096,
          -33.9990300246769
        ],
        [
          0.0,
          0.0,
          0.0,
          1.0
        ]
      ],
      "ransac_fitness": 0.5537037037037037,
      "ransac_inlier_rmse": 17.357887183147295,
      "correspondence_count": 598,
      "source_voxel_size": 16.085539944121564,
      "target_voxel_size": 17.788068925106288,
      "match_scale_factor": 1.0
    },
    {
      "fragment_a": "NAR_ST_43B_FR_01_F_01_R_02.PLY",
      "fragment_b": "NAR_ST_43B_FR_05_F_01_R_01.PLY",
      "score": 0.6514839090285348,
      "transformation": [
        [
          0.46507042745286176,
          -0.7003688502904125,
          0.5414729642851049,
          10.900789508476286
        ],
        [
          -0.8444342219578876,
          -0.5345907751964144,
          0.03381638450920794,
          5.66539372805866
        ],
        [
          0.26578250938538234,
          -0.47296530170593076,
          -0.8400377855114777,
          -20.606223006059764
        ],
        [
          0.0,
          0.0,
          0.0,
          1.0
        ]
      ],
      "ransac_fitness": 0.5592592592592592,
      "ransac_inlier_rmse": 18.362607134707734,
      "correspondence_count": 604,
      "source_voxel_size": 16.085539944121564,
      "target_voxel_size": 19.27278872666968,
      "match_scale_factor": 1.0
    },
    {
      "fragment_a": "NAR_ST_43B_FR_09_F_01_R_01.PLY",
      "fragment_b": "NAR_ST_43B_FR_11_F_01_R_01.PLY",
      "score": 0.6345343777119794,
      "transformation": [
        [
          -0.16418041930602434,
          -0.9774649690631071,
          0.13269146231373247,
          15.422542246839999
        ],
        [
          -0.9450019511076561,
          0.11728123853487907,
          -0.30531364773040737,
          33.464850338347205
        ],
        [
          0.2828711761901883,
          -0.1755202134860353,
          -0.9429615858234077,
          -45.092599664105926
        ],
        [
          0.0,
          0.0,
          0.0,
          1.0
        ]
      ],
      "ransac_fitness": 0.4283154121863799,
      "ransac_inlier_rmse": 14.636946689690715,
      "correspondence_count": 239,
      "source_voxel_size": 15.548185169103284,
      "target_voxel_size": 14.808815470049415,
      "match_scale_factor": 1.0
    },
    {
      "fragment_a": "NAR_ST_43B_FR_07_F_01_R_01.PLY",
      "fragment_b": "NAR_ST_43B_FR_11_F_01_R_01.PLY",
      "score": 0.6065110932413238,
      "transformation": [
        [
          0.8793431731998537,
          -0.060229327343909435,
          -0.47236427878758175,
          107.81797405342866
        ],
        [
          -0.11873522960132886,
          -0.9883697219512408,
          -0.09501177812011867,
          131.3724733208539
        ],
        [
          -0.461148055399057,
          0.13963423956081522,
          -0.8762675106061737,
          -107.12016580236998
        ],
        [
          0.0,
          0.0,
          0.0,
          1.0
        ]
      ],
      "ransac_fitness": 0.6678445229681979,
      "ransac_inlier_rmse": 12.331305018097076,
      "correspondence_count": 378,
      "source_voxel_size": 1.5400345922135676,
      "target_voxel_size": 14.808815470049415,
      "match_scale_factor": 1.0
    },
    {
      "fragment_a": "NAR_ST_43B_FR_10_F_01_R_01.PLY",
      "fragment_b": "NAR_ST_43B_FR_11_F_01_R_01.PLY",
      "score": 0.6052573710324979,
      "transformation": [
        [
          -0.03849526718037609,
          -0.9984206130019371,
          -0.04091935895817453,
          -31.640669174652704
        ],
        [
          0.9729367096644805,
          -0.04678681298907098,
          0.22628555658190042,
          -84.05619977804827
        ],
        [
          -0.2278426505111943,
          -0.031101023506665743,
          0.9732011369418306,
          -6.413205605426157
        ],
        [
          0.0,
          0.0,
          0.0,
          1.0
        ]
      ],
      "ransac_fitness": 0.46534653465346537,
      "ransac_inlier_rmse": 13.828997039063463,
      "correspondence_count": 235,
      "source_voxel_size": 12.272104674952542,
      "target_voxel_size": 14.808815470049415,
      "match_scale_factor": 1.0
    },
    {
      "fragment_a": "NAR_ST_43B_FR_03_F_01_R_01.PLY",
      "fragment_b": "NAR_ST_43B_FR_05_F_01_R_01.PLY",
      "score": 0.5997662490149145,
      "transformation": [
        [
          -0.9210416693105407,
          0.3894613824814718,
          0.0014404684214422909,
          -16.36002128079729
        ],
        [
          0.2819193571678611,
          0.66925699826992,
          -0.6874711239905249,
          22.22157943712247
        ],
        [
          -0.26870749793727833,
          -0.6327834557116334,
          -0.7262102854751722,
          -71.31061255930143
        ],
        [
          0.0,
          0.0,
          0.0,
          1.0
        ]
      ],
      "ransac_fitness": 0.6866158868335147,
      "ransac_inlier_rmse": 36.095107211435874,
      "correspondence_count": 631,
      "source_voxel_size": 17.788068925106288,
      "target_voxel_size": 19.27278872666968,
      "match_scale_factor": 2.0
    },
    {
      "fragment_a": "NAR_ST_43B_FR_03_F_01_R_01.PLY",
      "fragment_b": "NAR_ST_43B_FR_11_F_01_R_01.PLY",
      "score": 0.5525102722450008,
      "transformation": [
        [
          0.8865534038673898,
          0.06152206217649863,
          -0.4585172820698213,
          6.284554782779551
        ],
        [
          0.24540998406400813,
          -0.9027150538655176,
          0.3533828960862127,
          -121.27358310460093
        ],
        [
          -0.3921696084768022,
          -0.4258175282795752,
          -0.8154032320251283,
          -14.802941303180619
        ],
        [
          0.0,
          0.0,
          0.0,
          1.0
        ]
      ],
      "ransac_fitness": 0.49836779107725787,
      "ransac_inlier_rmse": 31.257923694361054,
      "correspondence_count": 458,
      "source_voxel_size": 17.788068925106288,
      "target_voxel_size": 14.808815470049415,
      "match_scale_factor": 2.0
    },
    {
      "fragment_a": "NAR_ST_43B_FR_09_F_01_R_01.PLY",
      "fragment_b": "NAR_ST_43B_FR_10_F_01_R_01.PLY",
      "score": 0.5279519767076721,
      "transformation": [
        [
          -0.9728123440933835,
          0.10234198074455514,
          0.2077552939321106,
          -14.900417273081274
        ],
        [
          -0.21036673261308877,
          -0.015301391707936252,
          -0.9775027903906433,
          -22.973249037204926
        ],
        [
          -0.09686062662005553,
          -0.994631583245315,
          0.03641473083367208,
          -38.77906661287733
        ],
        [
          0.0,
          0.0,
          0.0,
          1.0
        ]
      ],
      "ransac_fitness": 0.32616487455197135,
      "ransac_inlier_rmse": 15.134390927919064,
      "correspondence_count": 182,
      "source_voxel_size": 15.548185169103284,
      "target_voxel_size": 12.272104674952542,
      "match_scale_factor": 1.0
    },
    {
      "fragment_a": "NAR_ST_43B_FR_01_F_01_R_02.PLY",
      "fragment_b": "NAR_ST_43B_FR_02_F_01_R_01.PLY",
      "score": 0.5276750333123563,
      "transformation": [
        [
          0.9990997619221381,
          -0.0007162245781572636,
          -0.042416420752818706,
          -11.668673155472277
        ],
        [
          0.00026341129621720714,
          0.9999429319330757,
          -0.010680051103483601,
          10.008203808346849
        ],
        [
          0.04242164944477678,
          0.010659263550435342,
          0.9990429338917057,
          -18.451479207647083
        ],
        [
          0.0,
          0.0,
          0.0,
          1.0
        ]
      ],
      "ransac_fitness": 0.3712962962962963,
      "ransac_inlier_rmse": 16.132321066078475,
      "correspondence_count": 401,
      "source_voxel_size": 16.085539944121564,
      "target_voxel_size": 16.0287587079252,
      "match_scale_factor": 1.0
    },
    {
      "fragment_a": "NAR_ST_43B_FR_04_F_01_R_01.PLY",
      "fragment_b": "NAR_ST_43B_FR_11_F_01_R_01.PLY",
      "score": 0.5183436278911902,
      "transformation": [
        [
          0.008734711487732952,
          -0.5859350309532075,
          -0.8103109553233813,
          -44.979842466497644
        ],
        [
          -0.7923008834858846,
          0.4903272519686569,
          -0.3630957119057623,
          -16.036667592692865
        ],
        [
          0.6100680411582904,
          0.645181622086936,
          -0.45995397560903617,
          -63.43242679684004
        ],
        [
          0.0,
          0.0,
          0.0,
          1.0
        ]
      ],
      "ransac_fitness": 0.34017595307917886,
      "ransac_inlier_rmse": 13.959321373822863,
      "correspondence_count": 232,
      "source_voxel_size": 15.106215747265791,
      "target_voxel_size": 14.808815470049415,
      "match_scale_factor": 1.0
    },
    {
      "fragment_a": "NAR_ST_43B_FR_02_F_01_R_01.PLY",
      "fragment_b": "NAR_ST_43B_FR_03_F_01_R_01.PLY",
      "score": 0.508270270151734,
      "transformation": [
        [
          0.3327122060887667,
          0.877883700223551,
          -0.3444166035506293,
          -58.11095589367215
        ],
        [
          -0.738812142045702,
          0.4696274329463669,
          0.483328762841658,
          10.82963150609018
        ],
        [
          0.5860539281374951,
          0.09364978967414356,
          0.8048419162845587,
          37.504267930652105
        ],
        [
          0.0,
          0.0,
          0.0,
          1.0
        ]
      ],
      "ransac_fitness": 0.33122171945701356,
      "ransac_inlier_rmse": 15.659245412506026,
      "correspondence_count": 366,
      "source_voxel_size": 16.0287587079252,
      "target_voxel_size": 17.788068925106288,
      "match_scale_factor": 1.0
    },
    {
      "fragment_a": "NAR_ST_43B_FR_04_F_01_R_01.PLY",
      "fragment_b": "NAR_ST_43B_FR_05_F_01_R_01.PLY",
      "score": 0.49165734274131145,
      "transformation": [
        [
          0.1408059632376691,
          -0.814233044319313,
          0.5632035424739587,
          -109.85372545055446
        ],
        [
          0.9090028170152704,
          0.3317294470536853,
          0.252328065454002,
          119.41011961893494
        ],
        [
          -0.39228504862537794,
          0.4764243103536595,
          0.7868496153198684,
          1.6611766477117982
        ],
        [
          0.0,
          0.0,
          0.0,
          1.0
        ]
      ],
      "ransac_fitness": 0.3680351906158358,
      "ransac_inlier_rmse": 17.822133416569773,
      "correspondence_count": 251,
      "source_voxel_size": 15.106215747265791,
      "target_voxel_size": 19.27278872666968,
      "match_scale_factor": 1.0
    },
    {
      "fragment_a": "NAR_ST_43B_FR_12_F_01_R_01.PLY",
      "fragment_b": "NAR_ST_43B_FR_16_F_01_R_01.PLY",
      "score": 0.48611059894989017,
      "transformation": [
        [
          0.9732352056969881,
          0.08342160282270851,
          0.2141356359283333,
          -1.243965576853407
        ],
        [
          -0.13192599137171582,
          0.9657671436005353,
          0.2233592557792331,
          2.69648650593048
        ],
        [
          -0.1881721743311997,
          -0.2456311473004863,
          0.9509240623116628,
          1.3735292021231134
        ],
        [
          0.0,
          0.0,
          0.0,
          1.0
        ]
      ],
      "ransac_fitness": 0.3694581280788177,
      "ransac_inlier_rmse": 2.2434147186539084,
      "correspondence_count": 225,
      "source_voxel_size": 1.9605239268005716,
      "target_voxel_size": 2.315351269686792,
      "match_scale_factor": 1.0
    },
    {
      "fragment_a": "NAR_ST_43B_FR_15_F_01_R_01.PLY",
      "fragment_b": "NAR_ST_43B_FR_16_F_01_R_01.PLY",
      "score": 0.4546044584035346,
      "transformation": [
        [
          -0.156250105514951,
          -0.9476110588273139,
          0.2786021997665193,
          -30.447341745569968
        ],
        [
          -0.018681357313509832,
          -0.2791809584472,
          -0.9600567688055881,
          -10.39267792961141
        ],
        [
          0.9875408403785083,
          -0.15521363866838433,
          0.025919393430953792,
          -7.267955865968027
        ],
        [
          0.0,
          0.0,
          0.0,
          1.0
        ]
      ],
      "ransac_fitness": 0.3958333333333333,
      "ransac_inlier_rmse": 2.107204359027807,
      "correspondence_count": 209,
      "source_voxel_size": 0.7477310404991633,
      "target_voxel_size": 2.315351269686792,
      "match_scale_factor": 1.0
    },
    {
      "fragment_a": "NAR_ST_43B_FR_02_F_01_R_01.PLY",
      "fragment_b": "NAR_ST_43B_FR_05_F_01_R_01.PLY",
      "score": 0.451459808807107,
      "transformation": [
        [
          0.5534656097529101,
          -0.7576883109855406,
          0.3458095461619281,
          34.21620323308641
        ],
        [
          0.8312747475252417,
          0.5282404216303385,
          -0.17304436160317088,
          2.990060656378276
        ],
        [
          -0.05155689039969519,
          0.38323684628657717,
          0.9222100664711014,
          -13.327113783477994
        ],
        [
          0.0,
          0.0,
          0.0,
          1.0
        ]
      ],
      "ransac_fitness": 0.2669683257918552,
      "ransac_inlier_rmse": 19.498237133215653,
      "correspondence_count": 295,
      "source_voxel_size": 16.0287587079252,
      "target_voxel_size": 19.27278872666968,
      "match_scale_factor": 1.0
    },
    {
      "fragment_a": "NAR_ST_43B_FR_07_F_01_R_01.PLY",
      "fragment_b": "NAR_ST_43B_FR_14_F_01_R_01.PLY",
      "score": 0.4413751542743908,
      "transformation": [
        [
          0.8718257482747187,
          0.4846638679788477,
          0.07085760171646219,
          5.041826213894642
        ],
        [
          -0.47902578523699874,
          0.8738484484328074,
          -0.08320568640214451,
          0.12979009996907864
        ],
        [
          -0.1022455951290987,
          0.038598241506022396,
          0.9940100673682029,
          0.20340024340820229
        ],
        [
          0.0,
          0.0,
          0.0,
          1.0
        ]
      ],
      "ransac_fitness": 0.24734982332155478,
      "ransac_inlier_rmse": 1.530975720982766,
      "correspondence_count": 140,
      "source_voxel_size": 1.5400345922135676,
      "target_voxel_size": 1.463694805393448,
      "match_scale_factor": 1.0
    },
    {
      "fragment_a": "NAR_ST_43B_FR_08_F_01_R_01.PLY",
      "fragment_b": "NAR_ST_43B_FR_11_F_01_R_01.PLY",
      "score": 0.43504280914628274,
      "transformation": [
        [
          -0.5164727662277357,
          0.8562786680370351,
          -0.006536391190211441,
          47.78026498589418
        ],
        [
          0.741284035264916,
          0.4432653803568499,
          -0.5039977992396991,
          -64.8181205253504
        ],
        [
          -0.4286652082994764,
          -0.2651464599835684,
          -0.8636802035196527,
          -6.148894314059518
        ],
        [
          0.0,
          0.0,
          0.0,
          1.0
        ]
      ],
      "ransac_fitness": 0.26181818181818184,
      "ransac_inlier_rmse": 15.108248498567352,
      "correspondence_count": 144,
      "source_voxel_size": 12.067085071286062,
      "target_voxel_size": 14.808815470049415,
      "match_scale_factor": 1.0
    },
    {
      "fragment_a": "NAR_ST_43B_FR_05_F_01_R_01.PLY",
      "fragment_b": "NAR_ST_43B_FR_08_F_01_R_01.PLY",
      "score": 0.4302767381583183,
      "transformation": [
        [
          0.7262586508992669,
          -0.5624439471810516,
          0.3952280079566423,
          56.30560272352467
        ],
        [
          -0.1778751833451423,
          -0.7091202511173107,
          -0.6822821180459406,
          -7.276703954276755
        ],
        [
          0.6640096318156153,
          0.4252120362063161,
          -0.6150495371280021,
          59.64974043330644
        ],
        [
          0.0,
          0.0,
          0.0,
          1.0
        ]
      ],
      "ransac_fitness": 0.22580645161290322,
      "ransac_inlier_rmse": 18.316436413262267,
      "correspondence_count": 189,
      "source_voxel_size": 19.27278872666968,
      "target_voxel_size": 12.067085071286062,
      "match_scale_factor": 1.0
    },
    {
      "fragment_a": "NAR_ST_43B_FR_03_F_01_R_01.PLY",
      "fragment_b": "NAR_ST_43B_FR_08_F_01_R_01.PLY",
      "score": 0.4244522238171671,
      "transformation": [
        [
          -0.02992003246293403,
          -0.6593034685475176,
          0.7512813907043288,
          91.73787487596312
        ],
        [
          0.9879590701106926,
          0.09463648579368542,
          0.1223961247043263,
          8.964649235178456
        ],
        [
          -0.15179482021278742,
          0.7458973601762069,
          0.6485333149798346,
          1.3196986567232845
        ],
        [
          0.0,
          0.0,
          0.0,
          1.0
        ]
      ],
      "ransac_fitness": 0.1632208922742111,
      "ransac_inlier_rmse": 18.226939974586045,
      "correspondence_count": 150,
      "source_voxel_size": 17.788068925106288,
      "target_voxel_size": 12.067085071286062,
      "match_scale_factor": 1.0
    },
    {
      "fragment_a": "NAR_ST_43B_FR_04_F_01_R_01.PLY",
      "fragment_b": "NAR_ST_43B_FR_08_F_01_R_01.PLY",
      "score": 0.4165532975052885,
      "transformation": [
        [
          0.9699133542595842,
          0.16669238744707088,
          -0.1774309251402326,
          76.01945256992354
        ],
        [
          -0.16159140054196103,
          0.9859237366194928,
          0.042925573276831115,
          -53.193647096568014
        ],
        [
          0.1820887269981608,
          -0.012962775067580784,
          0.9831966547760105,
          28.298544112987
        ],
        [
          0.0,
          0.0,
          0.0,
          1.0
        ]
      ],
      "ransac_fitness": 0.20087976539589442,
      "ransac_inlier_rmse": 14.939533717575006,
      "correspondence_count": 137,
      "source_voxel_size": 15.106215747265791,
      "target_voxel_size": 12.067085071286062,
      "match_scale_factor": 1.0
    },
    {
      "fragment_a": "NAR_ST_43B_FR_06_F_01_R_01.PLY",
      "fragment_b": "NAR_ST_43B_FR_11_F_01_R_01.PLY",
      "score": 0.4156223793213244,
      "transformation": [
        [
          -0.5068470870146669,
          0.4568505170867645,
          -0.7310223221094568,
          -27.601500200561055
        ],
        [
          0.8418168593922,
          0.4449018636680377,
          -0.3056251085034734,
          -114.78867668798853
        ],
        [
          0.18560820463492347,
          -0.7702921113073034,
          -0.6100816811132243,
          0.5040283265132501
        ],
        [
          0.0,
          0.0,
          0.0,
          1.0
        ]
      ],
      "ransac_fitness": 0.2019099590723056,
      "ransac_inlier_rmse": 13.78259023310902,
      "correspondence_count": 148,
      "source_voxel_size": 13.66727627299242,
      "target_voxel_size": 14.808815470049415,
      "match_scale_factor": 1.0
    },
    {
      "fragment_a": "NAR_ST_43B_FR_04_F_01_R_01.PLY",
      "fragment_b": "NAR_ST_43B_FR_06_F_01_R_01.PLY",
      "score": 0.41200995964288545,
      "transformation": [
        [
          0.018828938277689222,
          -0.6423778247088893,
          0.7661567733862373,
          31.011403092252987
        ],
        [
          -0.9938601569844031,
          0.07153811991537419,
          0.08440548416964162,
          -30.115005563572012
        ],
        [
          -0.10902962644287598,
          -0.7630419567240381,
          -0.6370867388640875,
          -27.41177653485959
        ],
        [
          0.0,
          0.0,
          0.0,
          1.0
        ]
      ],
      "ransac_fitness": 0.22727272727272727,
      "ransac_inlier_rmse": 14.977991616903077,
      "correspondence_count": 155,
      "source_voxel_size": 15.106215747265791,
      "target_voxel_size": 13.66727627299242,
      "match_scale_factor": 1.0
    },
    {
      "fragment_a": "NAR_ST_43B_FR_01_F_01_R_02.PLY",
      "fragment_b": "NAR_ST_43B_FR_10_F_01_R_01.PLY",
      "score": 0.4082401299136055,
      "transformation": [
        [
          0.9408629422686733,
          -0.27685197949684986,
          0.19526880271618152,
          -119.31706933055378
        ],
        [
          0.13828247638774044,
          0.8400012827927616,
          0.5246673247216654,
          13.848976902710156
        ],
        [
          -0.3092812321975089,
          -0.4666377892489968,
          0.8286098557555299,
          -20.451185660509932
        ],
        [
          0.0,
          0.0,
          0.0,
          1.0
        ]
      ],
      "ransac_fitness": 0.18796296296296297,
      "ransac_inlier_rmse": 16.32894740617151,
      "correspondence_count": 203,
      "source_voxel_size": 16.085539944121564,
      "target_voxel_size": 12.272104674952542,
      "match_scale_factor": 1.0
    },
    {
      "fragment_a": "NAR_ST_43B_FR_04_F_01_R_01.PLY",
      "fragment_b": "NAR_ST_43B_FR_09_F_01_R_01.PLY",
      "score": 0.4071342049474835,
      "transformation": [
        [
          -0.7666326723719072,
          0.6418176854753853,
          -0.01855813198917418,
          60.055991635231464
        ],
        [
          0.6395375866279313,
          0.7606984963902501,
          -0.11103815956568039,
          -29.57760343415294
        ],
        [
          -0.05714911147191473,
          -0.09699410394777458,
          -0.9936428547810016,
          -67.55876903980173
        ],
        [
          0.0,
          0.0,
          0.0,
          1.0
        ]
      ],
      "ransac_fitness": 0.20967741935483872,
      "ransac_inlier_rmse": 14.757170690746493,
      "correspondence_count": 143,
      "source_voxel_size": 15.106215747265791,
      "target_voxel_size": 15.548185169103284,
      "match_scale_factor": 1.0
    },
    {
      "fragment_a": "NAR_ST_43B_FR_08_F_01_R_01.PLY",
      "fragment_b": "NAR_ST_43B_FR_09_F_01_R_01.PLY",
      "score": 0.4061301001310268,
      "transformation": [
        [
          -0.15817994197903215,
          -0.8907794734779149,
          0.42601764703579864,
          79.23026017399536
        ],
        [
          0.8413213208952597,
          -0.34743516580591205,
          -0.4140860303952232,
          122.97304303766326
        ],
        [
          0.5168728479641441,
          0.29291762526660453,
          0.8043890376214778,
          19.234638741930233
        ],
        [
          0.0,
          0.0,
          0.0,
          1.0
        ]
      ],
      "ransac_fitness": 0.2672727272727273,
      "ransac_inlier_rmse": 13.783652140771302,
      "correspondence_count": 147,
      "source_voxel_size": 12.067085071286062,
      "target_voxel_size": 15.548185169103284,
      "match_scale_factor": 1.0
    },
    {
      "fragment_a": "NAR_ST_43B_FR_08_F_01_R_01.PLY",
      "fragment_b": "NAR_ST_43B_FR_10_F_01_R_01.PLY",
      "score": 0.39915690817767424,
      "transformation": [
        [
          -0.9991223568461509,
          -0.03414760605985394,
          0.024258133699315947,
          -56.309301573412476
        ],
        [
          0.04180560254118676,
          -0.7768611340614772,
          0.6282826354284226,
          -134.89627015684317
        ],
        [
          -0.0026091466729910653,
          0.6287453533705811,
          0.7776068884523482,
          68.2787626390378
        ],
        [
          0.0,
          0.0,
          0.0,
          1.0
        ]
      ],
      "ransac_fitness": 0.19636363636363635,
      "ransac_inlier_rmse": 12.159786991693062,
      "correspondence_count": 108,
      "source_voxel_size": 12.067085071286062,
      "target_voxel_size": 12.272104674952542,
      "match_scale_factor": 1.0
    },
    {
      "fragment_a": "NAR_ST_43B_FR_07_F_01_R_01.PLY",
      "fragment_b": "NAR_ST_43B_FR_16_F_01_R_01.PLY",
      "score": 0.39754912575080903,
      "transformation": [
        [
          -0.8044493317805104,
          -0.5856991818819866,
          -0.09908451413143453,
          18.57241088641166
        ],
        [
          0.49950327987068693,
          -0.5766958831123921,
          -0.6464660329821239,
          19.953632276707935
        ],
        [
          0.32149299525233327,
          -0.5695422080443118,
          0.7564812801779656,
          2.01373848251429
        ],
        [
          0.0,
          0.0,
          0.0,
          1.0
        ]
      ],
      "ransac_fitness": 0.2791519434628975,
      "ransac_inlier_rmse": 2.2808953109843233,
      "correspondence_count": 158,
      "source_voxel_size": 1.5400345922135676,
      "target_voxel_size": 2.315351269686792,
      "match_scale_factor": 1.0
    },
    {
      "fragment_a": "NAR_ST_43B_FR_01_F_01_R_02.PLY",
      "fragment_b": "NAR_ST_43B_FR_11_F_01_R_01.PLY",
      "score": 0.38930980274311083,
      "transformation": [
        [
          0.42359111681267825,
          0.905837773914911,
          0.005337893429679131,
          -32.65241765263289
        ],
        [
          0.8784625722291435,
          -0.40933744874601147,
          -0.24646777121291671,
          -75.42405150783439
        ],
        [
          -0.22107481753909528,
          0.10909069805893196,
          -0.9691362879631893,
          -107.45304388938172
        ],
        [
          0.0,
          0.0,
          0.0,
          1.0
        ]
      ],
      "ransac_fitness": 0.1648148148148148,
      "ransac_inlier_rmse": 14.743865511696102,
      "correspondence_count": 178,
      "source_voxel_size": 16.085539944121564,
      "target_voxel_size": 14.808815470049415,
      "match_scale_factor": 1.0
    },
    {
      "fragment_a": "NAR_ST_43B_FR_15_F_01_R_01.PLY",
      "fragment_b": "NAR_ST_43B_FR_17_F_01_R_01.PLY",
      "score": 0.3762871317269076,
      "transformation": [
        [
          0.020653856352017132,
          0.4087637892344065,
          0.9124064789492237,
          -11.603833604496327
        ],
        [
          -0.9995158117479818,
          -0.012800019217105564,
          0.02836021110313701,
          -6.28084387838833
        ],
        [
          0.023271447818367656,
          -0.9125504501772881,
          0.40830150085159567,
          -2.5193195900095047
        ],
        [
          0.0,
          0.0,
          0.0,
          1.0
        ]
      ],
      "ransac_fitness": 0.23295454545454544,
      "ransac_inlier_rmse": 1.123788178275631,
      "correspondence_count": 123,
      "source_voxel_size": 0.7477310404991633,
      "target_voxel_size": 1.140484693047864,
      "match_scale_factor": 1.0
    },
    {
      "fragment_a": "NAR_ST_43B_FR_10_F_01_R_01.PLY",
      "fragment_b": "NAR_ST_43B_FR_12_F_01_R_01.PLY",
      "score": 0.375728118641655,
      "transformation": [
        [
          -0.6124813762158204,
          -0.7767841799118765,
          -0.14653634916773287,
          179.17436525990428
        ],
        [
          -0.5747879755064726,
          0.31037719617774734,
          0.7571557166831739,
          158.73434928483388
        ],
        [
          -0.5426650412565241,
          0.547971106840017,
          -0.6365864584379577,
          71.67600402795077
        ],
        [
          0.0,
          0.0,
          0.0,
          1.0
        ]
      ],
      "ransac_fitness": 0.05148514851485148,
      "ransac_inlier_rmse": 8.079126485570303,
      "correspondence_count": 26,
      "source_voxel_size": 12.272104674952542,
      "target_voxel_size": 1.9605239268005716,
      "match_scale_factor": 1.0
    },
    {
      "fragment_a": "NAR_ST_43B_FR_12_F_01_R_01.PLY",
      "fragment_b": "NAR_ST_43B_FR_15_F_01_R_01.PLY",
      "score": 0.3736578970025932,
      "transformation": [
        [
          0.24033871294281314,
          -0.7294466513944589,
          0.640425550575866,
          2.832634215872579
        ],
        [
          0.6032083854133555,
          -0.40467472775460867,
          -0.6872976127441047,
          4.582434748967808
        ],
        [
          0.7605109774539776,
          0.5514942859959141,
          0.3427493336038044,
          26.113219794901976
        ],
        [
          0.0,
          0.0,
          0.0,
          1.0
        ]
      ],
      "ransac_fitness": 0.12479474548440066,
      "ransac_inlier_rmse": 1.7448099965810369,
      "correspondence_count": 76,
      "source_voxel_size": 1.9605239268005716,
      "target_voxel_size": 0.7477310404991633,
      "match_scale_factor": 1.0
    },
    {
      "fragment_a": "NAR_ST_43B_FR_08_F_01_R_01.PLY",
      "fragment_b": "NAR_ST_43B_FR_12_F_01_R_01.PLY",
      "score": 0.3731080829802271,
      "transformation": [
        [
          -0.9742805123941023,
          0.13226216028595122,
          0.18243959034589796,
          90.03092476630412
        ],
        [
          0.22380566006904234,
          0.6622387078276427,
          0.7150880507852403,
          2.7071870749531195
        ],
        [
          -0.02623946817574609,
          0.7375273654660331,
          -0.6748072876744786,
          81.03869681643252
        ],
        [
          0.0,
          0.0,
          0.0,
          1.0
        ]
      ],
      "ransac_fitness": 0.06727272727272728,
      "ransac_inlier_rmse": 9.61555355101096,
      "correspondence_count": 37,
      "source_voxel_size": 12.067085071286062,
      "target_voxel_size": 1.9605239268005716,
      "match_scale_factor": 1.0
    },
    {
      "fragment_a": "NAR_ST_43B_FR_08_F_01_R_01.PLY",
      "fragment_b": "NAR_ST_43B_FR_16_F_01_R_01.PLY",
      "score": 0.37272999992965267,
      "transformation": [
        [
          -0.7605846829638104,
          -0.1971374124011436,
          0.6185853058977563,
          156.268724890054
        ],
        [
          0.2960884894971339,
          -0.9532575780346327,
          0.06026272734329033,
          -52.80432977153221
        ],
        [
          0.5777910923752158,
          0.2289908962193202,
          0.7834032314335492,
          -99.02850593985342
        ],
        [
          0.0,
          0.0,
          0.0,
          1.0
        ]
      ],
      "ransac_fitness": 0.06727272727272728,
      "ransac_inlier_rmse": 6.934896419952653,
      "correspondence_count": 37,
      "source_voxel_size": 12.067085071286062,
      "target_voxel_size": 2.315351269686792,
      "match_scale_factor": 1.0
    },
    {
      "fragment_a": "NAR_ST_43B_FR_05_F_01_R_01.PLY",
      "fragment_b": "NAR_ST_43B_FR_11_F_01_R_01.PLY",
      "score": 0.3673998592180534,
      "transformation": [
        [
          0.3650770974812207,
          -0.8655763958768792,
          -0.34277721014600615,
          133.81079887799046
        ],
        [
          0.892616434416964,
          0.22084185011841406,
          0.3930200735904222,
          -75.57909144493271
        ],
        [
          -0.2644893455385911,
          -0.4494511988381696,
          0.8532520178467202,
          89.27845661247004
        ],
        [
          0.0,
          0.0,
          0.0,
          1.0
        ]
      ],
      "ransac_fitness": 0.3070489844683393,
      "ransac_inlier_rmse": 35.11206282666085,
      "correspondence_count": 257,
      "source_voxel_size": 19.27278872666968,
      "target_voxel_size": 14.808815470049415,
      "match_scale_factor": 2.0
    },
    {
      "fragment_a": "NAR_ST_43B_FR_14_F_01_R_01.PLY",
      "fragment_b": "NAR_ST_43B_FR_17_F_01_R_01.PLY",
      "score": 0.3590848099927608,
      "transformation": [
        [
          0.4134398085818118,
          0.001186989183443032,
          0.9105306780864184,
          4.877978579055392
        ],
        [
          0.6759140830990612,
          0.6696346807298227,
          -0.30778165415148484,
          -4.00351285425671
        ],
        [
          -0.6100882534094476,
          0.7426896965897309,
          0.276051331515105,
          -12.787755564180086
        ],
        [
          0.0,
          0.0,
          0.0,
          1.0
        ]
      ],
      "ransac_fitness": 0.17304189435336975,
      "ransac_inlier_rmse": 1.3930970233938413,
      "correspondence_count": 95,
      "source_voxel_size": 1.463694805393448,
      "target_voxel_size": 1.140484693047864,
      "match_scale_factor": 1.0
    },
    {
      "fragment_a": "NAR_ST_43B_FR_14_F_01_R_01.PLY",
      "fragment_b": "NAR_ST_43B_FR_16_F_01_R_01.PLY",
      "score": 0.3556536947001447,
      "transformation": [
        [
          0.6367060685954503,
          -0.5423086562653824,
          0.5481849172983154,
          -9.28725429103636
        ],
        [
          -0.5860857188561079,
          -0.8023303149269665,
          -0.11300263670425478,
          -22.905369311448442
        ],
        [
          0.5011076853997001,
          -0.24933388676397322,
          -0.8286879391812851,
          -12.904785444851871
        ],
        [
          0.0,
          0.0,
          0.0,
          1.0
        ]
      ],
      "ransac_fitness": 0.1912568306010929,
      "ransac_inlier_rmse": 2.046919067510284,
      "correspondence_count": 105,
      "source_voxel_size": 1.463694805393448,
      "target_voxel_size": 2.315351269686792,
      "match_scale_factor": 1.0
    },
    {
      "fragment_a": "NAR_ST_43B_FR_02_F_01_R_01.PLY",
      "fragment_b": "NAR_ST_43B_FR_10_F_01_R_01.PLY",
      "score": 0.3555825704397798,
      "transformation": [
        [
          -0.9780127626957198,
          0.07761149137371647,
          -0.1935652148786888,
          34.06349464607537
        ],
        [
          -0.20357617580808143,
          -0.5567064333610209,
          0.805378598981751,
          -113.00093655763933
        ],
        [
          -0.045252366210426456,
          0.8270758148206236,
          0.560265847514516,
          9.378980082221966
        ],
        [
          0.0,
          0.0,
          0.0,
          1.0
        ]
      ],
      "ransac_fitness": 0.1502262443438914,
      "ransac_inlier_rmse": 15.567554258578351,
      "correspondence_count": 166,
      "source_voxel_size": 16.0287587079252,
      "target_voxel_size": 12.272104674952542,
      "match_scale_factor": 1.0
    },
    {
      "fragment_a": "NAR_ST_43B_FR_07_F_01_R_01.PLY",
      "fragment_b": "NAR_ST_43B_FR_15_F_01_R_01.PLY",
      "score": 0.3527222041180971,
      "transformation": [
        [
          0.7450519024621397,
          -0.6346623916830334,
          -0.20518604051133124,
          7.832239033070795
        ],
        [
          0.02986240201608973,
          0.33905284473973235,
          -0.9402932550112889,
          -2.425972756075536
        ],
        [
          0.6663376768451379,
          0.6944399304886397,
          0.2715645104934698,
          8.345480431113073
        ],
        [
          0.0,
          0.0,
          0.0,
          1.0
        ]
      ],
      "ransac_fitness": 0.13250883392226148,
      "ransac_inlier_rmse": 1.4761805628938935,
      "correspondence_count": 75,
      "source_voxel_size": 1.5400345922135676,
      "target_voxel_size": 0.7477310404991633,
      "match_scale_factor": 1.0
    },
    {
      "fragment_a": "NAR_ST_43B_FR_02_F_01_R_01.PLY",
      "fragment_b": "NAR_ST_43B_FR_04_F_01_R_01.PLY",
      "score": 0.34946192122225755,
      "transformation": [
        [
          0.8497125958378713,
          -0.18595955209975767,
          0.4933635064101548,
          -82.07161467573422
        ],
        [
          0.415399454481393,
          0.8123882643808156,
          -0.40922927694983713,
          -56.966125363795186
        ],
        [
          -0.3247026296336799,
          0.552670202633707,
          0.7675440374530894,
          51.45555161577992
        ],
        [
          0.0,
          0.0,
          0.0,
          1.0
        ]
      ],
      "ransac_fitness": 0.14479638009049775,
      "ransac_inlier_rmse": 15.558514403091523,
      "correspondence_count": 160,
      "source_voxel_size": 16.0287587079252,
      "target_voxel_size": 15.106215747265791,
      "match_scale_factor": 1.0
    },
    {
      "fragment_a": "NAR_ST_43B_FR_14_F_01_R_01.PLY",
      "fragment_b": "NAR_ST_43B_FR_15_F_01_R_01.PLY",
      "score": 0.34945488632734767,
      "transformation": [
        [
          -0.653303763934683,
          -0.5762409288022908,
          -0.4910606724243438,
          -3.7934147593358993
        ],
        [
          0.653058956622224,
          -0.7570546963929082,
          0.01954957403457906,
          19.817404980204813
        ],
        [
          -0.3830250529720839,
          -0.3079197600715395,
          0.8709059823845611,
          -3.168648344167641
        ],
        [
          0.0,
          0.0,
          0.0,
          1.0
        ]
      ],
      "ransac_fitness": 0.151183970856102,
      "ransac_inlier_rmse": 1.3320726564433762,
      "correspondence_count": 83,
      "source_voxel_size": 1.463694805393448,
      "target_voxel_size": 0.7477310404991633,
      "match_scale_factor": 1.0
    },
    {
      "fragment_a": "NAR_ST_43B_FR_05_F_01_R_01.PLY",
      "fragment_b": "NAR_ST_43B_FR_06_F_01_R_01.PLY",
